10000	1
10001	1
10002	2
10004	1
10005	1
10007	2
10008	2
10009	2
10011	1
10012	1
10013	1
10016	2
10024	2
10026	2
10027	1
10028	1
10030	1
10031	2
10032	2
10034	1
10036	2
10038	1
10039	2
10043	1
10044	1
10045	2
10046	1
10048	1
10050	1
10052	1
10054	2
10055	1
10058	1
10060	1
10062	1
10064	1
10065	1
10066	1
10067	1
10068	1
10070	1
10073	2
10074	1
10078	3
10079	1
10080	1
10081	1
10085	1
10086	2
10089	2
10090	1
10091	1
10092	1
10096	2
10097	2
10099	1
10101	1
10104	1
10105	2
10107	2
10110	1
10112	1
10113	1
10115	2
10116	1
10117	2
10118	2
10120	1
10122	1
10123	1
10125	1
10126	1
10128	1
10130	1
10132	1
10134	1
10135	1
10136	2
10137	1
10141	1
10143	1
10144	1
10145	1
10146	1
10150	1
10151	1
10153	1
10162	1
10163	1
10165	1
10167	1
10169	1
10171	1
10173	2
10175	1
10177	1
10178	1
10182	1
10184	1
10188	1
10189	2
10190	1
10192	1
10193	3
10194	1
10195	1
10196	3
10197	1
10201	1
10203	1
10204	1
10205	2
10210	1
10212	2
10213	1
10215	1
10216	1
10217	1
10219	1
10220	1
10221	1
10223	1
10224	1
10226	1
10227	1
10230	1
10231	1
10233	1
10234	1
10238	1
10240	1
10241	1
10242	1
10243	1
10248	1
10249	1
10250	1
10251	1
10252	2
10253	1
10254	2
10255	1
10257	1
10259	1
10261	1
10262	2
10263	2
10265	1
10266	1
10268	1
10269	1
10270	1
10272	1
10273	1
10275	2
10276	1
10277	1
10281	1
10284	3
10285	1
10286	2
10287	1
10288	1
10290	1
10291	1
10292	3
10293	1
10295	2
10296	2
10297	2
10298	1
10299	1
10300	1
10301	1
10302	1
10303	1
10309	1
10311	1
10312	1
10315	1
10318	1
10319	1
10321	1
10322	2
10323	1
10324	1
10326	2
10327	1
10328	1
10329	1
10330	1
10331	1
10333	1
10334	1
10335	1
10336	2
10338	2
10339	1
10342	1
10347	1
10350	2
10351	1
10352	1
10354	1
10356	2
10358	2
10360	1
10364	1
10365	2
10367	1
10368	1
10369	2
10370	2
10372	1
10373	1
10374	2
10375	2
10377	1
10378	1
10379	1
10380	1
10382	1
10383	2
10387	1
10388	1
10391	1
10392	1
10393	1
10394	1
10396	1
10400	2
10401	1
10403	1
10407	1
10409	1
10414	1
10416	1
10418	2
10419	2
10420	1
10422	2
10423	2
10424	1
10427	1
10428	1
10429	2
10431	1
10433	1
10435	1
10437	1
10438	2
10440	1
10441	1
10443	1
10444	1
10445	1
10447	1
10451	1
10452	1
10453	1
10454	1
10455	1
10456	1
10457	1
10459	1
10464	1
10465	2
10467	1
10469	2
10471	1
10472	2
10473	1
10474	1
10475	2
10477	1
10479	1
10480	1
10481	1
10482	1
10486	1
10488	1
10491	2
10494	2
10495	1
10497	2
10501	2
10502	1
10503	3
10505	1
10506	1
10507	1
10508	1
10510	1
10511	2
10513	1
10515	2
10516	1
10518	1
10519	1
10522	1
10526	1
10527	2
10530	1
10531	1
10532	1
10534	2
10535	1
10537	1
10539	1
10541	1
10542	1
10543	1
10544	1
10547	2
10549	1
10550	1
10552	1
10553	1
10555	1
10557	2
10558	1
10560	2
10562	2
10565	1
10571	1
10572	1
10573	1
10575	1
10576	2
10578	1
10580	1
10582	1
10583	1
10584	3
10586	2
10587	1
10588	1
10589	1
10590	2
10591	2
10592	1
10593	2
10595	1
10596	1
10598	1
10599	1
10603	1
10604	1
10605	2
10606	1
10608	2
10609	2
10610	1
10612	1
10613	1
10614	2
10615	1
10620	1
10622	1
10624	1
10626	1
10628	1
10631	1
10633	1
10634	2
10636	2
10637	2
10639	1
10641	1
10642	2
10645	1
10646	1
10647	2
10648	2
10649	1
10650	1
10654	1
10656	1
10659	1
10660	1
10663	3
10664	1
10669	1
10670	1
10673	1
10674	1
10676	2
10678	2
10682	1
10683	1
10684	1
10685	1
10686	1
10687	1
10688	2
10690	1
10691	1
10695	3
10696	1
10698	1
10700	1
10705	1
10707	1
10708	1
10709	1
10714	1
10715	1
10717	1
10718	2
10720	1
10723	2
10724	1
10725	1
10726	1
10730	2
10733	1
10734	2
10735	2
10737	2
10738	1
10740	2
10741	2
10743	1
10747	1
10751	1
10752	1
10753	1
10758	1
10760	1
10761	1
10762	2
10763	1
10764	1
10765	1
10767	2
10768	1
10769	1
10770	3
10776	1
10779	1
10780	2
10782	2
10788	3
10790	1
10791	2
10792	1
10794	2
10795	1
10797	1
10798	2
10802	1
10803	1
10804	1
10806	1
10807	2
10811	2
10813	1
10816	2
10817	2
10820	2
10821	1
10824	1
10828	2
10829	2
10831	1
10836	2
10837	1
10838	1
10842	1
10843	1
10848	1
10850	1
10851	1
10853	1
10854	1
10856	1
10859	3
10860	1
10865	1
10867	2
10868	1
10870	2
10872	1
10873	1
10874	1
10875	1
10880	1
10881	2
10884	3
10885	2
10886	1
10887	2
10891	2
10892	1
10893	2
10895	2
10897	1
10900	1
10903	2
10904	2
10905	1
10907	1
10909	1
10910	1
10911	1
10912	1
10914	1
10916	3
10917	1
10918	1
10919	1
10923	1
10926	1
10927	1
10929	1
10931	1
10932	1
10933	1
10935	2
10937	1
10938	1
10941	1
10943	1
10944	1
10945	1
10948	1
10950	2
10953	2
10954	1
10955	2
10959	1
10961	1
10962	2
10963	1
10968	1
10969	2
10970	1
10971	3
10972	2
10973	1
10974	2
10976	1
10978	1
10979	1
10980	1
10983	2
10984	1
10985	1
10987	1
10991	3
10993	2
10994	1
10995	1
10996	2
10997	1
11000	1
11001	1
11002	1
11003	1
11004	1
11005	1
11006	2
11007	1
11008	1
11010	1
11012	1
11014	1
11015	2
11016	1
11017	1
11019	2
11020	1
11021	1
11022	1
11025	1
11027	1
11028	1
11029	1
11034	1
11035	3
11036	1
11037	1
11039	2
11040	1
11041	2
11042	1
11043	2
11044	1
11047	1
11049	1
11050	1
11053	2
11057	1
11059	1
11060	2
11061	1
11062	1
11064	1
11065	1
11066	1
11068	1
11069	2
11071	2
11072	1
11074	1
11076	3
11077	2
11078	1
11079	1
11080	1
11081	1
11083	1
11084	1
11085	1
11086	2
11089	1
11092	1
11095	2
11097	1
11098	1
11100	1
11103	2
11105	1
11107	2
11109	1
11110	1
11111	1
11112	2
11113	2
11117	1
11118	1
11119	1
11120	1
11123	1
11125	1
11127	1
11128	1
11129	2
11131	1
11133	1
11137	1
11139	1
11140	1
11141	1
11142	2
11143	1
11144	1
11145	1
11146	1
11149	2
11153	2
11155	1
11157	3
11158	1
11160	1
11162	2
11163	1
11164	1
11166	1
11168	1
11169	2
11171	1
11172	1
11173	2
11175	1
11177	1
11179	1
11180	1
11182	1
11183	1
11184	1
11185	1
11186	1
11187	2
11189	2
11191	1
11193	1
11194	1
11196	1
11198	1
11200	1
11201	1
11203	2
11205	1
11206	1
11209	2
11210	1
11212	1
11213	1
11215	1
11216	2
11219	1
11220	3
11221	1
11224	1
11225	1
11227	1
11229	1
11230	1
11232	1
11233	1
11236	2
11237	1
11241	1
11242	1
11244	1
11246	1
11247	1
11248	2
11249	1
11250	1
11251	1
11253	2
11256	1
11257	1
11258	1
11259	2
11262	1
11264	2
11266	1
11269	2
11270	1
11271	1
11272	1
11273	1
11274	1
11275	1
11277	1
11281	1
11282	2
11285	2
11286	1
11290	2
11291	1
11294	1
11295	1
11297	1
11299	1
11301	1
11302	1
11303	1
11306	1
11308	1
11310	2
11312	1
11313	1
11315	2
11316	2
11318	2
11319	1
11320	1
11321	2
11323	1
11325	1
11326	1
11327	1
11329	1
11330	2
11332	2
11333	1
11334	2
11336	1
11338	1
11339	2
11341	2
11344	2
11346	2
11350	1
11352	1
11354	2
11357	1
11361	1
11362	1
11363	1
11364	2
11365	1
11368	1
11369	1
11370	1
11372	1
11373	1
11374	1
11375	2
11377	1
11380	1
11381	2
11382	1
11383	2
11385	2
11387	1
11388	1
11390	1
11391	1
11392	1
11396	1
11398	1
11403	1
11404	2
11406	2
11407	1
11411	1
11413	1
11415	1
11421	2
11422	1
11423	1
11424	1
11425	2
11427	1
11428	1
11431	2
11435	2
11436	1
11437	2
11438	2
11439	3
11440	1
11442	2
11443	1
11444	1
11445	1
11446	1
11448	1
11449	3
11451	2
11453	2
11454	2
11456	1
11458	1
11459	2
11461	2
11462	1
11465	2
11466	1
11469	1
11472	1
11473	1
11474	1
11476	1
11478	1
11482	1
11484	1
11485	1
11488	1
11490	1
11491	1
11495	1
11497	1
11499	1
11500	1
11501	1
11503	1
11505	2
11506	1
11509	1
11510	1
11511	1
11512	1
11513	1
11518	2
11519	2
11521	1
11522	1
11523	1
11525	1
11526	1
11527	1
11532	1
11535	2
11539	1
11541	1
11542	1
11543	3
11546	1
11548	1
11549	1
11551	1
11552	2
11553	2
11555	1
11556	2
11557	1
11561	2
11562	1
11563	1
11565	1
11568	1
11571	1
11572	2
11573	1
11574	2
11575	2
11577	1
11579	3
11582	1
11583	1
11585	1
11588	1
11589	1
11590	1
11591	1
11592	1
11593	1
11594	2
11598	1
11599	2
11600	1
11603	1
11606	1
11607	1
11608	1
11609	2
11610	1
11611	1
11612	1
11613	1
11614	1
11616	1
11619	1
11621	1
11622	1
11624	1
11625	1
11626	1
11627	1
11628	2
11630	1
11631	2
11632	1
11633	1
11635	2
11636	1
11637	2
11639	1
11641	1
11642	1
11643	1
11644	1
11645	1
11647	2
11648	1
11649	1
11650	2
11651	1
11652	1
11654	1
11655	1
11656	1
11657	1
11658	1
11659	1
11663	1
11665	1
11670	1
11671	2
11672	1
11676	2
11677	1
11682	1
11683	1
11684	1
11685	2
11687	1
11688	2
11690	1
11694	1
11697	1
11702	1
11704	1
11705	1
11708	1
11709	1
11710	2
11711	1
11715	2
11717	2
11718	2
11720	1
11721	1
11723	1
11724	1
11725	1
11726	1
11727	1
11728	2
11729	2
11730	1
11732	2
11733	1
11735	2
11737	1
11738	1
11739	1
11742	1
11743	1
11744	2
11748	2
11750	1
11751	1
11752	1
11755	1
11756	1
11757	1
11763	2
11764	1
11766	1
11767	1
11768	1
11769	1
11770	1
11771	1
11772	1
11774	1
11775	2
11776	1
11777	1
11780	1
11784	1
11786	1
11787	1
11788	1
11789	1
11790	1
11791	1
11792	1
11793	3
11795	2
11799	1
11801	1
11803	1
11805	2
11807	2
11808	2
11809	1
11811	1
11812	1
11813	2
11820	1
11827	1
11830	1
11836	1
11837	1
11838	1
11841	1
11842	1
11843	1
11844	1
11846	2
11848	1
11849	3
11851	1
11853	1
11854	1
11856	1
11858	1
11859	1
11860	2
11861	1
11863	2
11865	1
11867	1
11868	2
11872	2
11873	1
11874	1
11875	1
11879	1
11882	1
11883	1
11884	1
11885	1
11887	1
11888	1
11890	1
11891	1
11893	1
11894	1
11895	1
11896	1
11898	3
11899	2
11900	1
11902	1
11905	2
11909	1
11910	1
11912	2
11917	1
11920	1
11922	3
11923	2
11924	1
11925	1
11926	1
11927	1
11930	1
11931	1
11932	2
11933	1
11934	1
11935	1
11936	1
11937	1
11941	2
11942	1
11944	1
11947	2
11949	1
11950	1
11952	1
11953	1
11954	1
11955	1
11960	2
11961	1
11962	1
11966	1
11967	1
11968	1
11971	1
11972	1
11973	1
11974	1
11977	1
11979	1
11980	1
11982	2
11983	1
11985	1
11987	1
11988	1
11989	1
11992	1
11993	1
11996	1
11997	1
11998	1
11999	1
12002	1
12004	2
12007	1
12008	2
12009	1
12010	1
12012	2
12013	1
12014	1
12015	1
12016	1
12018	2
12019	1
12020	1
12021	1
12023	1
12024	1
12026	1
12027	1
12032	2
12033	1
12034	1
12035	2
12039	2
12040	1
12044	1
12045	1
12046	1
12049	1
12050	2
12052	1
12053	1
12054	1
12057	1
12058	1
12059	1
12060	2
12061	1
12064	1
12065	1
12069	1
12070	2
12071	2
12072	1
12073	1
12075	1
12076	1
12080	1
12081	1
12083	1
12085	1
12087	1
12088	1
12089	1
12090	1
12091	2
12092	1
12093	1
12095	2
12096	1
12098	1
12101	1
12102	2
12104	1
12107	1
12108	1
12111	2
12112	2
12114	2
12115	1
12116	1
12119	2
12120	1
12123	1
12126	1
12130	1
12131	1
12133	1
12137	1
12138	1
12139	1
12142	2
12143	1
12147	2
12148	1
12151	1
12152	1
12153	1
12154	1
12155	1
12156	1
12157	1
12160	1
12162	1
12163	1
12164	1
12165	1
12168	1
12169	1
12170	1
12173	1
12174	2
12175	2
12176	2
12177	1
12178	1
12179	1
12180	1
12181	1
12182	1
12183	1
12184	1
12186	1
12187	1
12188	2
12189	1
12192	1
12193	1
12194	1
12195	1
12196	1
12198	1
12201	1
12202	1
12204	1
12205	1
12207	1
12208	1
12210	2
12212	1
12214	1
12215	3
12218	1
12220	2
12222	2
12223	1
12224	1
12226	1
12227	2
12230	1
12232	2
12233	1
12235	1
12237	1
12238	1
12240	1
12241	2
12243	1
12244	1
12246	2
12247	1
12248	1
12249	1
12250	1
12251	1
12253	2
12254	2
12255	1
12256	1
12258	1
12260	2
12263	1
12264	1
12265	1
12266	2
12267	1
12268	1
12269	1
12270	2
12272	1
12275	1
12278	2
12280	1
12281	1
12282	2
12283	3
12284	1
12286	1
12287	2
12288	1
12289	1
12290	1
12291	2
12292	2
12293	1
12294	1
12295	2
12296	2
12299	1
12300	1
12301	3
12306	2
12307	2
12310	1
12312	2
12313	2
12315	1
12317	1
12318	1
12319	1
12320	1
12321	1
12322	2
12323	1
12326	1
12328	1
12329	1
12332	1
12333	1
12334	2
12335	1
12337	1
12338	1
12341	2
12345	1
12346	2
12347	1
12349	1
12350	1
12352	2
12353	1
12355	1
12356	1
12357	1
12360	1
12362	1
12364	2
12365	1
12367	2
12368	2
12369	1
12371	1
12372	1
12374	2
12375	2
12376	2
12377	1
12379	2
12381	2
12384	2
12385	1
12386	2
12388	1
12392	3
12393	2
12394	1
12397	2
12400	1
12401	1
12403	1
12404	1
12405	1
12411	1
12413	2
12414	1
12416	2
12418	2
12419	2
12420	1
12422	1
12426	1
12427	2
12428	1
12429	1
12430	1
12431	2
12433	1
12434	1
12435	3
12436	1
12437	1
12439	1
12440	1
12442	1
12443	1
12447	1
12448	1
12450	1
12453	1
12454	2
12455	1
12456	1
12457	1
12461	3
12462	1
12465	1
12471	1
12475	2
12477	1
12478	2
12481	1
12484	2
12485	1
12486	1
12487	3
12488	1
12495	2
12496	1
12497	1
12498	1
12501	2
12505	1
12507	1
12511	1
12514	3
12515	1
12517	1
12518	1
12519	1
12521	1
12522	1
12524	1
12525	1
12526	1
12528	2
12530	1
12533	1
12534	2
12535	3
12537	1
12540	2
12544	1
12545	1
12546	1
12548	1
12551	1
12555	1
12556	1
12557	2
12558	2
12559	2
12561	1
12564	2
12569	1
12570	3
12573	1
12576	1
12577	2
12578	1
12579	1
12580	1
12581	2
12582	1
12585	1
12589	1
12590	1
12591	2
12592	1
12593	1
12594	1
12596	1
12597	1
12598	1
12599	1
12600	1
12601	1
12604	2
12607	1
12610	1
12613	1
12614	3
12615	1
12616	1
12618	1
12619	2
12620	1
12621	1
12627	2
12631	1
12632	1
12639	1
12641	2
12642	2
12644	1
12647	1
12648	1
12649	1
12650	1
12651	1
12652	1
12654	1
12656	2
12657	1
12658	2
12660	2
12663	1
12664	2
12666	1
12667	1
12669	1
12671	1
12675	1
12677	1
12679	1
12682	1
12685	2
12688	1
12690	2
12691	2
12694	1
12695	3
12696	1
12697	1
12698	1
12700	2
12701	1
12702	1
12704	2
12707	1
12709	1
12710	2
12711	2
12712	1
12714	1
12716	1
12718	2
12720	1
12721	1
12723	2
12724	1
12725	2
12726	1
12727	1
12728	1
12729	1
12733	1
12734	1
12737	1
12738	1
12739	1
12741	1
12743	1
12744	2
12745	1
12746	1
12748	1
12750	1
12751	2
12753	1
12755	1
12756	1
12759	2
12762	1
12764	1
12765	1
12772	2
12777	1
12779	1
12780	1
12781	1
12782	2
12783	1
12784	1
12785	1
12786	1
12787	2
12788	1
12791	1
12792	1
12793	1
12794	2
12797	1
12800	1
12802	1
12803	2
12808	1
12809	1
12812	1
12815	2
12817	1
12821	1
12824	1
12825	1
12829	1
12832	1
12834	3
12835	2
12836	1
12838	1
12839	1
12840	1
12844	1
12845	1
12846	2
12847	1
12851	3
12852	1
12853	1
12854	1
12857	1
12860	2
12861	1
12862	1
12863	1
12864	1
12865	1
12867	1
12868	1
12869	1
12870	1
12871	2
12873	1
12876	1
12880	1
12881	1
12883	2
12885	1
12889	2
12890	1
12892	1
12896	1
12897	1
12898	2
12899	1
12901	1
12902	1
12904	2
12907	2
12909	2
12912	2
12913	1
12914	1
12915	1
12916	1
12917	2
12918	1
12921	1
12922	1
12923	1
12925	1
12926	1
12927	1
12928	2
12930	1
12932	1
12935	1
12937	2
12938	1
12939	1
12941	1
12944	3
12945	1
12948	1
12949	2
12952	1
12953	2
12954	3
12955	1
12957	1
12958	1
12959	1
12961	1
12962	1
12965	1
12966	1
12967	1
12968	2
12969	1
12970	1
12972	1
12974	1
12975	1
12977	2
12979	1
12980	2
12982	3
12983	1
12985	1
12987	1
12988	1
12990	1
12991	2
12994	1
12995	1
12996	1
12998	2
12999	1
13001	1
13002	1
13003	1
13004	1
13005	1
13006	1
13009	1
13011	1
13015	2
13018	1
13019	1
13020	1
13022	1
13023	1
13024	1
13025	1
13026	1
13033	1
13034	1
13036	1
13040	1
13042	2
13043	1
13045	1
13046	1
13047	1
13049	1
13050	1
13051	2
13052	1
13053	1
13055	2
13059	1
13061	1
13062	2
13063	2
13064	2
13065	1
13066	1
13067	1
13068	1
13070	1
13071	2
13072	1
13073	1
13075	1
13079	1
13080	1
13084	2
13086	2
13087	1
13088	1
13089	1
13090	1
13091	1
13092	1
13093	3
13094	1
13097	1
13099	1
13100	1
13101	1
13102	1
13103	2
13104	1
13105	2
13107	2
13108	1
13109	2
13112	2
13114	1
13117	2
13119	1
13120	1
13121	1
13123	1
13124	1
13125	1
13126	2
13129	1
13130	1
13131	1
13137	1
13139	1
13142	1
13143	1
13144	3
13145	1
13149	3
13150	1
13152	1
13153	2
13155	1
13156	1
13157	2
13159	1
13160	1
13161	2
13162	1
13163	1
13165	1
13167	1
13168	2
13170	1
13172	1
13174	1
13177	2
13178	1
13179	1
13184	1
13185	2
13189	2
13191	1
13192	2
13193	1
13194	1
13196	1
13197	3
13198	1
13199	1
13200	1
13201	1
13204	1
13205	2
13207	1
13215	1
13219	2
13220	1
13221	1
13222	1
13223	1
13224	1
13225	2
13226	1
13228	1
13229	1
13230	1
13232	1
13233	1
13234	2
13235	1
13236	1
13237	1
13238	1
13239	1
13240	1
13241	1
13242	2
13244	2
13246	1
13247	1
13249	1
13250	1
13251	1
13257	1
13259	1
13262	3
13264	2
13268	2
13272	2
13275	1
13276	1
13277	1
13279	1
13280	1
13281	1
13282	2
13283	1
13286	3
13287	1
13288	1
13289	1
13291	2
13293	1
13294	1
13296	1
13297	2
13301	1
13304	1
13306	1
13307	1
13310	2
13311	1
13312	2
13313	1
13315	2
13316	1
13318	1
13319	2
13320	1
13322	1
13323	1
13324	1
13325	1
13327	1
13328	1
13329	1
13330	1
13332	1
13333	1
13334	3
13336	1
13338	1
13339	1
13344	1
13346	1
13347	1
13350	2
13351	1
13353	1
13355	2
13356	1
13357	2
13361	1
13362	2
13363	2
13364	1
13368	3
13369	1
13370	2
13371	1
13372	1
13373	1
13374	1
13375	1
13377	1
13378	1
13380	2
13382	1
13383	2
13386	2
13387	3
13388	1
13390	2
13392	2
13394	1
13395	1
13396	1
13400	1
13401	1
13402	1
13403	1
13404	2
13405	2
13407	1
13410	1
13411	1
13412	1
13415	1
13416	1
13418	1
13419	1
13422	1
13423	1
13425	1
13426	1
13427	2
13428	1
13429	1
13430	2
13431	1
13433	1
13434	1
13436	1
13438	2
13439	1
13441	1
13442	1
13443	2
13444	1
13445	1
13446	2
13447	1
13451	1
13453	2
13454	1
13457	2
13458	1
13459	1
13462	2
13464	2
13465	1
13467	1
13468	2
13471	2
13473	1
13475	1
13476	1
13478	1
13479	3
13481	1
13482	2
13483	1
13486	1
13487	1
13490	1
13491	1
13495	1
13499	1
13503	2
13505	1
13506	1
13507	1
13509	2
13510	2
13514	1
13516	1
13517	1
13518	1
13520	3
13521	1
13523	1
13524	2
13526	1
13527	2
13528	1
13529	1
13532	1
13533	2
13534	1
13535	1
13536	1
13537	1
13538	1
13539	1
13541	2
13542	1
13543	1
13544	2
13545	1
13546	3
13547	1
13549	2
13552	1
13557	1
13559	1
13565	2
13568	1
13570	1
13571	1
13572	2
13574	1
13575	1
13576	1
13578	1
13579	1
13580	2
13581	1
13582	1
13587	1
13588	2
13589	1
13590	3
13591	2
13592	2
13594	2
13596	1
13600	1
13601	2
13602	1
13605	1
13606	1
13607	1
13609	1
13610	1
13612	1
13613	1
13614	1
13617	1
13618	2
13619	1
13620	1
13622	1
13623	2
13624	1
13629	1
13631	1
13632	1
13635	2
13636	2
13639	1
13642	1
13643	1
13644	1
13645	2
13646	1
13648	1
13649	2
13650	1
13652	1
13653	1
13654	1
13655	1
13658	2
13660	1
13662	2
13663	1
13664	1
13666	1
13668	1
13672	2
13680	1
13681	2
13682	2
13683	1
13685	2
13686	1
13687	1
13688	1
13690	1
13691	2
13692	1
13693	1
13694	2
13698	1
13699	1
13701	1
13703	1
13704	1
13705	2
13706	1
13707	1
13708	3
13709	1
13710	1
13713	1
13714	2
13715	1
13716	1
13717	1
13719	1
13721	1
13722	1
13723	1
13724	1
13725	1
13728	1
13729	1
13732	1
13733	2
13736	1
13737	1
13738	1
13739	1
13740	1
13741	1
13743	1
13744	1
13745	1
13746	2
13747	2
13748	1
13751	1
13752	2
13753	1
13755	1
13757	2
13759	2
13761	2
13763	1
13764	1
13766	1
13767	1
13769	2
13771	3
13772	2
13773	2
13774	2
13776	1
13782	1
13783	1
13784	2
13785	1
13791	1
13794	2
13795	1
13796	1
13797	3
13798	1
13800	1
13802	1
13803	1
13806	1
13809	1
13811	1
13815	1
13817	1
13819	1
13820	1
13821	1
13827	1
13832	1
13833	1
13839	1
13842	1
13843	2
13845	1
13846	1
13851	1
13858	2
13859	1
13860	1
13861	1
13862	1
13864	2
13867	1
13868	1
13869	1
13870	1
13873	1
13874	1
13875	2
13876	1
13877	1
13879	1
13880	1
13881	1
13882	1
13883	1
13884	1
13888	2
13889	1
13893	1
13900	1
13901	1
13905	2
13907	1
13908	1
13909	1
13912	2
13917	2
13918	1
13919	1
13920	1
13925	2
13926	2
13927	1
13928	1
13929	2
13932	1
13933	1
13934	1
13935	1
13936	1
13937	1
13940	2
13941	2
13942	1
13946	2
13949	1
13950	1
13951	1
13952	1
13956	2
13959	1
13960	1
13963	2
13964	1
13965	1
13966	1
13969	1
13971	1
13972	1
13973	1
13975	1
13976	1
13978	1
13979	2
13980	1
13981	1
13983	1
13985	2
13986	2
13992	1
13994	1
13995	1
13997	1
13999	1
14000	1
14001	1
14002	1
14004	1
14005	1
14006	2
14008	1
14011	1
14012	1
14013	3
14014	1
14015	1
14018	2
14019	1
14021	2
14022	1
14023	1
14024	2
14025	1
14026	1
14027	2
14030	1
14032	1
14037	1
14038	1
14039	1
14040	1
14041	1
14042	1
14043	1
14045	2
14046	2
14047	1
14050	1
14051	1
14052	1
14053	1
14054	1
14058	1
14060	1
14062	1
14063	1
14064	2
14066	3
14067	2
14068	1
14069	2
14070	2
14077	2
14078	1
14079	1
14080	1
14082	2
14083	1
14085	1
14086	1
14089	1
14091	1
14092	1
14093	1
14095	1
14096	2
14097	1
14098	1
14099	2
14104	1
14106	3
14107	2
14108	1
14111	1
14112	1
14114	1
14115	1
14117	1
14119	1
14121	1
14123	1
14124	1
14126	1
14128	1
14130	1
14131	1
14134	1
14135	1
14136	1
14139	1
14140	3
14142	1
14146	1
14147	2
14152	2
14153	1
14154	1
14155	1
14156	1
14158	1
14160	1
14161	1
14162	1
14163	2
14164	1
14167	1
14169	1
14170	1
14173	1
14174	2
14175	1
14176	1
14177	1
14178	2
14179	1
14180	1
14181	2
14182	1
14183	2
14184	2
14185	1
14186	1
14187	1
14188	1
14189	1
14191	2
14192	2
14193	1
14197	2
14199	1
14200	1
14202	1
14203	2
14204	2
14205	1
14206	1
14208	1
14209	2
14210	1
14211	1
14212	2
14214	1
14215	2
14216	1
14220	2
14222	2
14223	1
14224	1
14228	2
14229	1
14230	1
14232	1
14236	1
14237	1
14239	1
14242	1
14245	1
14247	2
14249	2
14250	1
14255	1
14257	2
14259	2
14260	1
14262	2
14263	1
14265	1
14268	2
14270	1
14274	1
14277	1
14278	2
14281	1
14282	1
14287	1
14289	1
14290	1
14293	1
14294	1
14295	1
14296	1
14300	1
14301	2
14302	1
14303	1
14304	1
14306	1
14308	1
14309	1
14310	1
14311	2
14312	1
14314	2
14315	1
14317	1
14318	1
14319	1
14321	1
14325	1
14329	1
14330	1
14331	1
14333	1
14334	1
14336	1
14343	1
14345	1
14346	1
14349	1
14350	1
14352	1
14353	1
14354	1
14355	1
14356	1
14362	1
14364	1
14365	1
14366	2
14368	2
14369	2
14370	1
14371	1
14373	2
14375	2
14378	1
14380	1
14381	1
14382	2
14386	2
14387	1
14388	2
14389	1
14394	1
14397	2
14399	1
14402	1
14403	2
14406	1
14407	1
14409	1
14412	1
14416	1
14420	1
14422	2
14424	1
14426	1
14427	2
14429	1
14433	1
14434	2
14437	1
14438	1
14440	2
14441	1
14448	2
14450	1
14451	2
14454	1
14455	2
14456	1
14459	3
14460	2
14462	2
14463	1
14464	1
14465	2
14466	1
14467	1
14471	2
14472	1
14473	2
14474	2
14476	1
14477	1
14478	1
14480	1
14482	1
14483	1
14484	1
14485	1
14486	2
14488	2
14489	1
14490	1
14495	2
14496	1
14498	1
14500	1
14501	2
14504	1
14506	1
14508	1
14512	2
14513	2
14515	1
14518	1
14520	1
14521	1
14523	1
14524	1
14526	1
14529	1
14530	1
14532	1
14533	2
14536	1
14539	1
14541	1
14545	1
14549	2
14552	1
14553	1
14555	1
14556	1
14557	1
14560	1
14562	2
14565	1
14567	2
14568	2
14570	1
14571	1
14573	1
14577	1
14578	1
14579	1
14580	1
14581	1
14582	2
14584	1
14585	1
14588	1
14592	2
14595	2
14596	1
14597	2
14598	1
14599	1
14602	1
14603	1
14604	2
14606	1
14607	1
14608	1
14609	1
14610	2
14611	2
14612	1
14613	1
14614	1
14616	2
14617	2
14621	1
14624	1
14625	1
14626	1
14627	1
14628	1
14629	1
14631	1
14635	1
14636	2
14637	1
14639	2
14640	1
14641	1
14644	1
14647	2
14650	1
14651	1
14654	1
14656	2
14657	2
14658	2
14660	1
14663	2
14666	1
14668	1
14669	2
14674	2
14678	2
14679	1
14681	1
14682	1
14684	1
14686	2
14687	1
14688	1
14689	2
14692	1
14695	1
14698	1
14703	1
14704	1
14706	1
14710	1
14715	2
14717	1
14718	2
14720	2
14722	1
14723	2
14724	2
14725	1
14726	2
14728	1
14729	1
14730	2
14731	1
14735	2
14736	1
14739	1
14742	1
14744	1
14745	1
14746	2
14747	1
14748	1
14749	1
14752	1
14755	1
14758	2
14760	2
14761	1
14762	2
14765	1
14766	1
14767	1
14771	1
14772	2
14776	1
14781	1
14782	1
14783	1
14784	1
14785	1
14786	1
14787	1
14788	1
14791	1
14792	1
14793	1
14794	2
14795	2
14798	1
14799	1
14800	1
14801	1
14802	1
14803	1
14805	1
14806	1
14807	1
14808	1
14810	1
14813	1
14814	1
14817	1
14818	1
14819	2
14820	1
14822	2
14824	1
14827	1
14828	2
14831	2
14832	1
14834	1
14835	1
14836	1
14840	1
14841	2
14843	1
14844	1
14846	2
14849	2
14850	2
14852	2
14854	1
14855	2
14858	1
14860	1
14861	3
14862	3
14863	2
14867	2
14870	1
14872	1
14873	1
14874	1
14879	1
14884	1
14885	2
14886	1
14887	1
14889	1
14890	1
14891	1
14893	1
14894	1
14896	1
14897	1
14901	2
14902	2
14903	1
14904	1
14906	1
14908	1
14911	1
14912	1
14918	1
14919	1
14920	1
14923	1
14924	1
14925	1
14928	1
14929	1
14930	2
14933	1
14934	1
14936	1
14938	1
14939	1
14943	1
14946	1
14948	2
14950	1
14952	2
14954	2
14955	2
14956	1
14959	1
14960	1
14961	1
14962	1
14963	1
14964	1
14965	1
14966	1
14968	2
14969	1
14970	1
14971	1
14972	1
14975	1
14976	2
14977	2
14981	1
14983	1
14986	1
14989	1
14992	1
14994	2
14995	1
14997	1
14998	2
14999	1
8000	2
8001	1
8002	1
8004	1
8005	2
8006	1
8007	1
8008	1
8010	1
8012	1
8014	2
8015	1
8017	1
8018	1
8019	1
8020	1
8021	1
8023	1
8024	1
8025	1
8027	2
8028	1
8031	2
8035	2
8036	1
8039	1
8041	3
8042	2
8044	1
8045	2
8047	1
8049	1
8050	1
8051	1
8052	2
8053	1
8054	1
8055	1
8056	1
8057	1
8061	2
8062	2
8064	2
8066	1
8067	3
8070	1
8072	1
8073	1
8074	1
8076	2
8077	1
8079	1
8080	1
8083	1
8084	1
8086	1
8088	2
8090	1
8091	1
8093	1
8096	1
8097	1
8098	1
8100	1
8101	1
8103	1
8104	2
8105	2
8106	1
8107	1
8110	1
8111	1
8112	1
8113	1
8114	1
8115	1
8116	2
8117	2
8120	1
8121	2
8122	2
8123	2
8125	1
8127	1
8128	3
8130	2
8131	1
8135	1
8136	1
8139	2
8141	2
8143	1
8144	1
8145	2
8146	1
8147	1
8148	1
8149	1
8152	1
8153	2
8154	1
8155	1
8156	1
8157	2
8159	1
8160	1
8161	1
8162	2
8163	1
8164	2
8165	1
8166	2
8169	2
8170	1
8171	1
8174	2
8175	1
8176	2
8179	1
8180	2
8181	1
8182	1
8183	1
8184	1
8185	1
8189	2
8191	1
8194	1
8197	2
8200	2
8203	1
8204	1
8205	1
8208	1
8209	1
8210	1
8212	2
8213	1
8214	1
8215	1
8219	1
8221	2
8223	2
8224	1
8225	1
8227	1
8228	2
8230	1
8231	1
8233	1
8236	2
8240	1
8241	1
8243	1
8244	1
8246	1
8249	1
8250	1
8251	2
8252	1
8253	2
8254	1
8259	1
8262	1
8263	2
8265	1
8268	2
8269	1
8271	1
8273	1
8275	3
8276	1
8279	1
8280	1
8283	1
8284	1
8285	2
8287	1
8288	1
8290	2
8292	1
8294	2
8296	2
8298	1
8299	1
8301	1
8303	1
8308	1
8309	1
8310	1
8311	1
8312	1
8313	1
8316	2
8318	2
8319	1
8321	1
8322	2
8324	1
8327	1
8328	1
8329	1
8330	1
8331	1
8333	1
8336	1
8337	2
8340	2
8342	1
8343	2
8344	2
8345	1
8346	2
8350	1
8351	1
8352	1
8353	1
8355	1
8356	1
8357	2
8360	3
8361	1
8363	1
8366	1
8368	1
8372	1
8374	1
8376	1
8377	1
8378	1
8379	1
8386	1
8389	1
8392	2
8393	1
8394	1
8395	1
8398	2
8399	1
8400	3
8401	1
8402	1
8403	2
8405	1
8410	1
8411	2
8412	1
8414	1
8415	2
8416	2
8417	1
8419	1
8422	1
8423	1
8425	1
8426	1
8428	1
8430	2
8431	1
8434	1
8435	2
8436	1
8440	2
8441	1
8444	1
8446	2
8447	1
8448	1
8449	2
8451	2
8455	2
8457	1
8459	1
8460	1
8462	1
8463	1
8465	1
8466	2
8469	1
8472	2
8474	3
8475	1
8477	1
8479	1
8481	1
8483	1
8486	1
8488	1
8489	1
8490	1
8493	1
8496	1
8497	1
8500	2
8501	2
8503	1
8504	1
8507	1
8512	1
8514	1
8518	1
8520	2
8521	1
8522	1
8523	2
8524	2
8528	1
8530	1
8531	1
8532	1
8533	2
8534	1
8535	1
8539	2
8540	1
8544	1
8545	1
8546	1
8547	2
8551	1
8552	1
8554	1
8555	1
8556	1
8557	1
8558	1
8559	1
8560	1
8562	1
8563	1
8564	2
8565	1
8566	2
8567	1
8568	1
8569	1
8570	1
8571	1
8573	1
8577	1
8578	1
8579	1
8581	1
8585	1
8586	1
8588	1
8589	1
8590	2
8594	2
8597	2
8598	2
8600	1
8601	1
8602	2
8603	1
8604	2
8607	2
8608	1
8609	1
8610	2
8612	1
8616	1
8617	2
8618	3
8620	2
8622	1
8623	1
8628	3
8630	2
8631	1
8632	1
8634	1
8636	1
8642	2
8645	2
8646	1
8647	1
8648	1
8649	2
8650	2
8651	1
8652	1
8654	2
8657	1
8659	1
8661	2
8662	2
8663	2
8669	1
8671	2
8673	1
8674	2
8675	1
8678	1
8679	1
8680	1
8681	1
8682	1
8683	1
8687	1
8688	1
8690	1
8692	1
8694	1
8696	1
8698	1
8699	1
8701	1
8703	1
8706	1
8708	2
8709	1
8711	2
8713	2
8714	1
8715	1
8719	2
8720	1
8723	1
8724	2
8725	2
8726	3
8727	1
8729	1
8733	1
8734	1
8735	1
8736	2
8737	1
8739	2
8740	1
8741	1
8742	1
8743	1
8744	2
8748	2
8749	1
8750	1
8751	2
8752	1
8753	1
8754	2
8762	1
8763	1
8764	1
8765	1
8766	2
8767	1
8768	1
8769	1
8770	1
8773	1
8774	2
8775	1
8776	2
8777	2
8778	2
8779	1
8782	1
8783	1
8784	1
8785	1
8786	1
8788	1
8794	2
8796	2
8797	1
8798	1
8799	2
8802	3
8803	1
8805	3
8806	1
8807	1
8809	3
8810	1
8812	1
8814	1
8816	2
8817	1
8819	2
8820	1
8822	1
8823	1
8824	1
8826	1
8827	1
8828	1
8829	2
8831	2
8832	2
8833	1
8835	1
8836	1
8839	2
8843	1
8844	1
8846	1
8847	1
8848	1
8849	2
8850	1
8851	1
8852	1
8853	1
8854	1
8855	1
8857	1
8858	3
8862	1
8863	1
8864	1
8867	2
8870	2
8872	1
8873	1
8876	2
8877	1
8881	1
8882	1
8883	1
8884	1
8885	3
8887	2
8890	1
8891	1
8893	1
8894	1
8895	1
8896	1
8897	2
8898	1
8902	1
8903	1
8905	1
8907	1
8909	1
8910	3
8912	1
8914	1
8915	1
8916	1
8918	1
8919	2
8921	1
8923	1
8924	1
8927	1
8928	1
8929	1
8930	1
8934	1
8935	1
8939	2
8941	1
8943	1
8944	2
8945	1
8946	1
8952	1
8953	1
8954	1
8955	1
8957	1
8961	2
8963	2
8965	2
8969	1
8970	1
8974	1
8976	1
8977	1
8978	1
8979	2
8980	1
8982	1
8983	1
8985	1
8987	2
8989	2
8990	1
8992	2
8999	1
9000	1
9001	1
9002	3
9003	2
9005	1
9009	1
9012	2
9013	1
9014	1
9016	2
9017	2
9018	1
9021	1
9023	1
9024	1
9025	1
9027	1
9028	1
9029	1
9030	1
9031	1
9032	2
9034	2
9037	1
9043	1
9044	3
9045	1
9046	1
9048	1
9049	1
9053	1
9055	1
9056	2
9057	1
9058	2
9060	1
9061	1
9062	1
9063	2
9064	1
9067	1
9068	1
9070	1
9071	2
9073	1
9074	1
9075	1
9076	1
9077	2
9079	1
9080	2
9082	1
9083	2
9086	1
9087	1
9088	1
9091	2
9092	1
9094	2
9095	1
9096	1
9097	3
9098	1
9099	1
9101	1
9103	1
9104	1
9105	2
9108	1
9109	1
9110	1
9112	2
9113	1
9114	1
9115	1
9116	3
9117	1
9119	1
9121	2
9122	1
9123	1
9124	2
9126	2
9127	1
9129	1
9131	1
9134	2
9135	1
9137	1
9138	1
9142	1
9143	1
9144	1
9145	1
9146	2
9148	3
9149	1
9150	1
9152	1
9154	1
9155	1
9157	1
9158	1
9159	1
9161	1
9168	1
9169	2
9172	1
9173	1
9174	1
9175	1
9176	2
9177	1
9183	1
9186	2
9188	2
9190	1
9193	2
9194	1
9195	1
9196	1
9197	2
9198	1
9199	1
9200	1
9204	1
9206	2
9207	1
9208	1
9210	2
9211	2
9212	1
9214	1
9215	1
9216	1
9218	1
9222	1
9223	1
9224	2
9226	1
9230	1
9231	1
9233	1
9236	3
9237	2
9238	1
9240	1
9241	2
9242	1
9246	2
9250	1
9252	1
9253	1
9255	1
9256	1
9257	2
9260	1
9261	1
9262	1
9263	1
9264	1
9267	2
9268	1
9270	2
9271	1
9272	1
9274	1
9275	1
9276	1
9279	1
9280	1
9283	1
9284	2
9285	2
9286	1
9288	1
9289	1
9290	1
9291	2
9292	1
9293	1
9295	1
9296	2
9297	1
9298	1
9301	2
9302	2
9304	1
9305	1
9306	2
9308	2
9310	1
9311	1
9312	1
9313	2
9314	1
9315	1
9316	1
9317	2
9318	1
9320	1
9321	1
9322	1
9324	2
9326	2
9327	2
9328	1
9330	2
9332	1
9333	1
9334	1
9335	1
9337	1
9338	1
9339	1
9340	1
9344	1
9347	1
9348	1
9349	2
9350	1
9352	1
9354	2
9357	1
9360	1
9362	1
9365	2
9366	2
9367	1
9368	1
9370	2
9371	1
9373	1
9374	1
9376	1
9377	1
9378	1
9379	1
9380	1
9382	2
9383	2
9384	1
9386	1
9387	1
9389	1
9390	1
9391	1
9396	1
9397	1
9399	1
9401	1
9402	1
9403	1
9404	1
9405	1
9406	1
9408	1
9410	2
9412	1
9414	2
9415	1
9416	1
9419	2
9423	1
9424	1
9426	1
9428	2
9431	1
9433	1
9435	1
9436	1
9438	1
9440	1
9441	1
9443	2
9444	1
9447	1
9448	1
9451	1
9455	1
9456	1
9457	1
9458	3
9460	1
9463	1
9464	1
9466	1
9475	2
9476	1
9477	1
9478	2
9480	1
9482	1
9484	1
9485	1
9487	1
9488	1
9489	1
9494	3
9495	1
9498	2
9500	1
9501	1
9503	3
9507	1
9510	2
9512	1
9513	2
9515	1
9520	1
9522	1
9524	3
9525	1
9527	1
9528	1
9530	2
9531	1
9532	1
9533	2
9534	1
9535	1
9537	2
9538	1
9539	2
9540	1
9544	1
9545	1
9546	1
9547	1
9548	3
9550	1
9552	1
9554	1
9555	1
9556	2
9557	2
9558	1
9560	1
9562	1
9563	2
9564	1
9566	2
9568	2
9571	1
9572	1
9575	2
9576	1
9577	2
9579	1
9580	1
9581	1
9583	3
9585	1
9588	1
9591	2
9592	1
9593	1
9594	1
9595	1
9596	1
9597	1
9600	1
9601	1
9602	1
9604	3
9605	1
9606	1
9607	2
9608	2
9610	1
9611	1
9612	1
9613	1
9616	2
9618	1
9619	1
9621	1
9624	1
9627	1
9628	1
9629	1
9630	1
9631	1
9633	1
9634	1
9637	1
9638	2
9639	1
9643	1
9644	1
9645	2
9648	1
9649	1
9651	1
9655	1
9656	1
9658	1
9660	1
9661	1
9664	1
9666	2
9667	1
9670	1
9671	1
9674	1
9676	2
9677	2
9678	1
9682	2
9683	1
9684	1
9686	1
9687	1
9689	1
9690	1
9691	3
9692	1
9693	1
9695	1
9697	2
9698	1
9699	2
9700	1
9701	2
9702	1
9703	1
9704	1
9705	2
9706	1
9709	1
9710	1
9712	1
9713	1
9714	1
9716	1
9719	2
9720	1
9722	1
9725	1
9727	1
9730	1
9732	1
9733	1
9736	1
9737	1
9740	3
9741	1
9743	1
9745	1
9751	1
9753	1
9754	1
9761	1
9762	1
9763	2
9764	1
9768	2
9771	1
9773	2
9774	1
9777	1
9780	1
9782	1
9783	1
9786	1
9788	2
9789	1
9790	1
9791	3
9792	1
9793	1
9794	1
9795	1
9796	1
9797	3
9798	1
9800	1
9807	1
9808	2
9809	3
9813	1
9814	1
9815	2
9816	1
9817	1
9819	1
9820	1
9821	1
9823	2
9824	1
9826	1
9828	1
9832	1
9835	1
9837	2
9838	2
9839	1
9842	1
9843	1
9844	1
9845	2
9846	1
9847	1
9848	1
9850	2
9859	2
9860	1
9862	1
9863	1
9865	2
9866	1
9868	1
9869	2
9874	2
9875	1
9876	2
9879	1
9880	1
9881	1
9886	2
9888	1
9890	1
9891	1
9893	1
9895	1
9897	2
9898	1
9900	2
9903	1
9904	1
9906	1
9907	2
9909	1
9910	2
9912	1
9915	2
9919	2
9922	1
9923	1
9925	2
9926	1
9927	2
9928	1
9931	1
9934	1
9937	1
9939	1
9941	2
9942	1
9944	1
9945	3
9946	1
9947	1
9948	1
9949	1
9951	2
9952	1
9954	2
9955	1
9956	1
9958	1
9960	2
9961	1
9968	1
9969	1
9971	2
9972	1
9973	1
9974	1
9975	3
9979	1
9981	1
9982	1
9983	1
9985	1
9989	1
9990	1
9991	1
9992	2
9993	3
9994	2
9995	2
9996	2
9997	1
9998	1
