1000	1	1
1001	3	3
1002	1	1
1003	5	5
1005	2	2
1006	2	2
1007	3	3
1008	1	1
1010	3	3
1011	2	2
1012	3	3
1013	2	2
1014	1	1
1015	1	1
1016	2	2
1018	1	1
1019	1	1
1020	3	3
1021	1	1
1024	1	1
1025	2	2
1026	4	3
1027	3	3
1028	3	3
1029	2	2
1030	2	2
1032	1	1
1033	3	3
1034	4	4
1035	1	1
1036	1	1
1038	6	6
1039	2	2
1040	2	2
1041	3	3
1042	3	3
1043	3	3
1044	1	1
1045	3	3
1046	1	1
1047	3	3
1048	3	3
1049	1	1
1050	5	5
1052	3	3
1053	1	1
1054	2	2
1055	3	3
1056	1	1
1057	2	2
1058	2	2
1059	3	3
1060	3	3
1061	4	4
1062	3	3
1064	1	1
1066	3	3
1067	2	2
1070	2	2
1071	1	1
1073	2	2
1074	2	2
1075	1	1
1077	1	1
1078	2	2
1079	2	2
1080	3	3
1082	1	1
1083	5	5
1084	2	2
1085	1	1
1086	1	1
1087	1	1
1088	3	3
1089	3	3
1091	1	1
1092	2	2
1093	2	2
1094	1	1
1095	1	1
1096	3	3
1097	1	1
1098	4	4
1099	2	2
1100	1	1
1101	2	2
1102	5	5
1103	2	2
1104	3	3
1105	3	3
1107	2	2
1108	2	2
1109	4	4
1110	2	2
1111	1	1
1112	2	2
1113	2	2
1114	1	1
1115	3	3
1116	3	3
1117	2	2
1118	2	2
1119	1	1
1120	4	4
1121	3	3
1122	2	2
1123	2	2
1124	6	6
1125	2	2
1126	1	1
1128	1	1
1129	2	2
1130	4	4
1131	4	4
1132	1	1
1133	2	2
1134	2	2
1135	1	1
1136	2	2
1137	2	2
1139	3	3
1140	2	2
1141	3	3
1142	5	5
1143	2	2
1144	2	2
1145	2	2
1146	2	2
1147	2	2
1148	2	2
1149	1	1
1151	2	2
1152	1	1
1153	1	1
1154	1	1
1156	2	2
1157	1	1
1158	2	2
1159	6	6
1160	1	1
1162	1	1
1163	3	3
1164	4	4
1165	1	1
1166	3	3
1167	3	3
1168	2	2
1169	2	2
1172	4	4
1173	3	3
1174	3	3
1176	2	2
1177	2	2
1178	3	3
1179	1	1
1180	2	2
1181	2	2
1182	1	1
1183	3	3
1184	4	4
1185	3	3
1186	1	1
1187	1	1
1189	2	2
1190	3	3
1191	4	4
1192	1	1
1193	2	2
1194	3	3
1195	4	4
1196	1	1
1197	1	1
1198	2	2
1199	3	3
1200	2	2
1202	1	1
1203	1	1
1204	4	4
1205	2	2
1206	2	2
1207	1	1
1208	3	3
1209	6	6
1210	1	1
1211	4	4
1212	1	1
1213	2	2
1214	1	1
1215	4	4
1216	1	1
1218	3	3
1219	2	2
1220	1	1
1221	2	2
1222	4	4
1223	1	1
1224	1	1
1226	1	1
1227	6	6
1228	2	2
1230	2	2
1231	4	4
1232	3	3
1234	1	1
1235	2	2
1237	3	3
1240	1	1
1241	4	4
1242	1	1
1243	1	1
1244	3	3
1245	4	4
1248	1	1
1249	2	2
1250	3	3
1251	4	4
1252	1	1
1254	1	1
1255	4	4
1256	1	1
1258	4	4
1260	2	2
1261	1	1
1262	1	1
1264	4	4
1265	5	5
1266	1	1
1268	2	2
1269	1	1
1270	1	1
1271	3	3
1272	6	6
1273	1	1
1274	2	2
1275	5	5
1277	3	3
1278	4	4
1280	3	3
1282	5	5
1283	3	3
1284	2	2
1285	3	3
1286	4	4
1287	4	4
1288	1	1
1289	1	1
1290	5	5
1291	5	5
1292	2	2
1293	3	3
1295	3	3
1296	1	1
1297	3	3
1298	3	3
1299	1	1
1300	7	7
1301	1	1
1302	1	1
1304	2	2
1305	3	3
1306	2	2
1308	1	1
1309	3	3
1310	1	1
1311	2	2
1312	2	2
1313	1	1
1314	3	3
1315	4	4
1316	1	1
1317	1	1
1318	2	2
1319	1	1
1320	2	2
1322	1	1
1323	3	3
1325	2	2
1326	3	3
1327	3	3
1330	2	2
1331	2	2
1332	2	2
1333	3	3
1334	2	2
1335	1	1
1337	1	1
1338	4	4
1339	1	1
1340	5	5
1341	2	2
1342	7	7
1344	2	2
1346	2	2
1347	1	1
1348	2	2
1350	1	1
1351	2	2
1352	4	4
1353	2	2
1354	3	3
1355	3	3
1356	2	2
1357	2	2
1359	1	1
1360	1	1
1361	2	2
1362	1	1
1363	2	2
1364	3	3
1365	6	6
1366	1	1
1367	3	3
1369	2	2
1371	4	4
1372	3	3
1373	1	1
1374	2	2
1375	1	1
1376	1	1
1377	2	2
1379	3	3
1380	2	2
1381	4	4
1382	1	1
1383	1	1
1384	1	1
1385	3	3
1386	1	1
1387	5	5
1388	3	3
1389	2	2
1390	2	2
1391	1	1
1392	5	5
1393	1	1
1394	4	4
1395	4	4
1396	2	2
1397	3	3
1398	1	1
1399	2	2
1400	2	2
1401	2	2
1402	2	2
1403	2	2
1404	1	1
1405	4	4
1406	2	2
1407	3	3
1409	3	3
1410	4	4
1411	4	4
1412	3	3
1413	1	1
1414	4	4
1415	5	5
1416	2	2
1417	4	4
1418	4	4
1419	1	1
1420	2	2
1421	2	2
1422	1	1
1423	3	3
1424	4	4
1425	4	4
1426	2	2
1427	1	1
1428	1	1
1429	1	1
1430	1	1
1431	2	2
1433	2	2
1434	3	3
1436	3	3
1438	3	3
1440	3	3
1441	3	3
1442	4	4
1443	2	2
1444	2	2
1446	2	2
1449	4	4
1450	3	3
1452	3	3
1453	1	1
1454	2	2
1455	1	1
1456	3	3
1457	1	1
1458	1	1
1459	3	3
1460	2	2
1461	3	3
1462	1	1
1463	3	3
1464	6	6
1465	5	5
1466	2	2
1467	5	5
1468	3	3
1469	2	2
1470	3	3
1471	1	1
1472	2	2
1473	1	1
1475	1	1
1476	3	3
1477	3	3
1478	3	3
1479	3	3
1480	3	3
1482	1	1
1484	5	5
1485	2	2
1486	2	2
1487	1	1
1488	1	1
1490	6	6
1491	2	2
1492	1	1
1493	4	4
1494	1	1
1495	1	1
1496	3	3
1498	2	2
1499	4	4
1500	2	2
1501	3	3
1502	3	3
1505	5	5
1506	2	2
1508	3	3
1510	3	3
1511	1	1
1513	3	3
1514	3	3
1515	1	1
1516	3	3
1517	2	2
1518	1	1
1519	5	5
1520	1	1
1521	3	3
1523	5	5
1524	1	1
1525	2	2
1527	4	4
1528	1	1
1530	1	1
1532	2	2
1533	3	3
1534	2	2
1535	2	2
1536	2	2
1537	1	1
1538	1	1
1539	4	4
1540	2	2
1541	5	5
1542	2	2
1543	1	1
1544	4	4
1545	1	1
1546	2	2
1547	1	1
1548	3	3
1549	1	1
1550	3	3
1551	2	2
1553	1	1
1554	3	3
1555	3	3
1556	1	1
1557	1	1
1558	1	1
1559	3	3
1560	2	2
1561	1	1
1562	5	5
1564	2	2
1566	1	1
1567	4	4
1568	1	1
1569	1	1
1571	3	3
1572	2	2
1573	2	2
1574	6	6
1575	2	2
1576	3	3
1577	2	2
1578	1	1
1579	2	2
1580	3	3
1582	1	1
1583	5	5
1584	1	1
1585	2	2
1586	4	4
1587	4	4
1588	1	1
1589	2	2
1590	5	5
1591	1	1
1592	2	2
1593	1	1
1594	2	2
1595	3	3
1596	1	1
1597	2	2
1598	2	2
1600	2	2
1601	1	1
1602	1	1
1603	4	4
1604	1	1
1605	2	2
1606	4	4
1607	2	2
1608	2	2
1609	3	3
1611	1	1
1612	2	2
1613	3	3
1614	1	1
1615	2	2
1616	1	1
1617	4	4
1619	1	1
1620	3	3
1621	2	2
1622	3	3
1623	1	1
1624	1	1
1625	4	4
1626	5	5
1627	1	1
1628	1	1
1629	4	4
1632	2	2
1633	3	3
1635	2	2
1636	2	2
1637	4	4
1639	2	2
1640	4	4
1641	1	1
1642	1	1
1643	2	2
1644	2	2
1645	4	4
1646	4	4
1647	1	1
1648	2	2
1649	2	2
1650	1	1
1651	5	5
1652	1	1
1654	5	5
1655	3	3
1656	4	4
1658	1	1
1659	2	2
1660	2	2
1661	3	3
1662	1	1
1663	2	2
1665	2	2
1666	2	2
1668	2	2
1671	2	2
1672	5	5
1673	2	2
1674	3	3
1675	2	2
1676	2	2
1677	2	2
1678	2	2
1679	1	1
1680	4	4
1681	2	2
1682	1	1
1683	2	2
1684	2	2
1685	2	2
1686	1	1
1687	1	1
1689	1	1
1690	2	2
1691	5	5
1694	8	8
1696	1	1
1697	1	1
1699	1	1
1700	2	2
1701	2	2
1702	3	3
1703	2	2
1705	4	4
1707	1	1
1708	2	2
1709	2	2
1710	3	3
1711	1	1
1712	8	8
1713	2	2
1714	1	1
1715	1	1
1716	2	2
1717	1	1
1718	1	1
1719	3	3
1720	3	3
1722	1	1
1723	1	1
1724	4	4
1725	2	2
1727	5	5
1728	3	3
1729	2	2
1730	2	2
1731	2	2
1732	4	4
1733	1	1
1734	1	1
1736	5	5
1737	2	2
1738	2	2
1739	2	2
1740	3	3
1742	5	5
1743	1	1
1744	1	1
1745	2	2
1746	1	1
1747	1	1
1748	2	2
1751	2	2
1752	1	1
1753	2	2
1754	3	3
1757	3	3
1758	2	2
1759	1	1
1760	2	2
1761	2	2
1762	1	1
1763	2	2
1765	4	4
1766	2	2
1767	1	1
1769	1	1
1770	3	3
1771	1	1
1772	1	1
1773	1	1
1774	3	3
1775	1	1
1776	2	2
1777	1	1
1778	2	2
1779	1	1
1780	2	2
1782	3	3
1784	2	2
1785	2	2
1786	1	1
1788	2	2
1790	2	2
1791	2	2
1792	2	2
1793	4	4
1794	1	1
1795	1	1
1798	3	3
1799	1	1
1800	2	2
1801	2	2
1803	2	2
1805	1	1
1806	2	2
1807	1	1
1808	2	2
1809	1	1
1810	4	4
1811	1	1
1812	2	2
1813	1	1
1814	1	1
1816	2	2
1817	2	2
1818	2	2
1819	2	2
1820	4	4
1821	2	2
1822	2	2
1823	2	2
1824	2	2
1825	4	4
1826	2	2
1828	4	4
1829	5	5
1830	3	3
1831	1	1
1832	2	2
1833	2	2
1834	2	2
1838	1	1
1839	2	2
1840	1	1
1841	2	2
1842	2	2
1843	2	2
1844	2	2
1845	3	3
1846	4	4
1848	1	1
1849	3	3
1850	3	3
1851	3	3
1853	4	4
1854	4	4
1855	3	3
1856	3	3
1857	1	1
1858	1	1
1859	1	1
1860	1	1
1861	4	4
1863	1	1
1864	3	3
1865	1	1
1866	4	4
1867	3	3
1868	3	3
1869	2	2
1870	4	4
1871	2	2
1872	2	2
1873	4	4
1874	1	1
1875	5	5
1876	2	2
1877	2	2
1878	1	1
1879	1	1
1880	3	3
1881	3	3
1882	2	2
1883	2	2
1884	2	2
1886	1	1
1887	2	2
1888	3	3
1889	1	1
1890	1	1
1891	1	1
1892	3	3
1894	4	4
1895	1	1
1896	6	6
1897	1	1
1898	1	1
1899	2	2
1901	3	3
1902	5	5
1903	3	3
1905	2	2
1906	3	3
1907	1	1
1908	4	4
1909	1	1
1910	4	4
1911	4	4
1913	2	2
1915	3	3
1916	3	3
1917	4	4
1918	2	2
1919	1	1
1920	3	3
1921	2	2
1922	3	3
1923	3	3
1924	1	1
1925	3	3
1926	1	1
1927	4	4
1928	4	4
1929	1	1
1930	2	2
1931	1	1
1932	1	1
1934	1	1
1935	1	1
1936	4	4
1937	1	1
1938	2	2
1939	6	6
1940	2	2
1941	1	1
1942	3	3
1944	3	3
1945	5	5
1946	3	3
1948	3	3
1949	3	3
1950	3	3
1951	4	4
1952	5	5
1953	5	5
1955	3	3
1956	2	2
1957	2	2
1959	1	1
1961	1	1
1962	4	4
1963	3	3
1964	1	1
1965	1	1
1966	2	2
1968	3	3
1969	3	3
1970	3	3
1971	1	1
1972	1	1
1973	2	2
1974	1	1
1975	1	1
1976	1	1
1977	2	2
1978	4	4
1979	2	2
1980	1	1
1981	3	3
1982	5	5
1983	1	1
1984	2	2
1985	1	1
1986	1	1
1987	2	2
1988	2	2
1989	1	1
1990	1	1
1991	3	3
1992	1	1
1993	1	1
1994	5	5
1995	2	2
1996	1	1
1997	1	1
1998	3	3
1999	1	1
2000	1	1
2003	1	1
2006	1	1
2007	1	1
2008	3	3
2010	3	3
2011	4	4
2012	1	1
2014	1	1
2015	4	4
2016	2	2
2017	2	2
2018	1	1
2022	1	1
2023	2	2
2024	3	3
2025	2	2
2026	1	1
2028	2	2
2029	3	3
2030	2	2
2031	2	2
2032	2	2
2033	3	3
2035	3	3
2036	1	1
2038	4	4
2039	1	1
2040	4	4
2041	1	1
2042	2	2
2043	1	1
2044	3	3
2045	2	2
2046	2	2
2047	1	1
2048	2	2
2049	1	1
2051	1	1
2052	2	2
2053	3	3
2054	1	1
2055	4	4
2057	2	2
2058	1	1
2059	4	4
2061	3	3
2062	2	2
2063	1	1
2064	2	2
2065	3	3
2066	1	1
2068	3	3
2069	1	1
2070	3	3
2071	1	1
2072	2	2
2073	1	1
2074	3	3
2075	1	1
2076	1	1
2078	2	2
2079	2	2
2080	2	2
2081	2	2
2082	3	3
2083	1	1
2084	1	1
2085	4	4
2086	3	3
2087	5	5
2088	3	3
2089	4	4
2090	2	2
2091	2	2
2092	4	4
2093	1	1
2094	3	3
2095	1	1
2096	3	3
2097	7	7
2098	1	1
2099	2	2
2100	2	2
2101	2	2
2102	3	3
2103	1	1
2104	2	2
2105	2	2
2106	2	2
2108	2	2
2109	2	2
2110	4	4
2111	2	2
2112	1	1
2113	4	4
2114	4	4
2115	1	1
2117	2	2
2118	1	1
2119	2	2
2120	3	3
2121	3	3
2122	2	2
2123	4	4
2124	1	1
2125	1	1
2126	3	3
2127	1	1
2128	1	1
2129	1	1
2130	2	2
2131	2	2
2132	1	1
2133	1	1
2134	3	3
2135	2	2
2136	4	4
2137	3	3
2138	1	1
2139	2	2
2140	1	1
2141	1	1
2142	2	2
2143	3	3
2145	2	2
2146	2	2
2147	2	2
2148	3	3
2149	2	2
2150	1	1
2151	2	2
2152	3	3
2153	2	2
2154	3	3
2156	4	4
2157	2	2
2158	1	1
2159	1	1
2160	1	1
2161	1	1
2162	1	1
2163	2	2
2164	2	2
2165	2	2
2166	1	1
2167	1	1
2168	5	5
2169	1	1
2170	3	3
2171	2	2
2173	2	2
2174	5	5
2175	1	1
2176	1	1
2178	3	3
2179	4	4
2180	4	4
2181	1	1
2182	2	2
2183	3	3
2184	2	2
2185	1	1
2186	1	1
2187	4	4
2188	1	1
2189	3	3
2190	5	5
2191	1	1
2192	1	1
2193	3	3
2194	1	1
2196	1	1
2197	5	5
2198	2	2
2200	3	3
2201	2	2
2202	3	3
2203	6	6
2204	1	1
2205	2	2
2207	1	1
2208	3	3
2209	3	3
2210	4	4
2211	1	1
2213	3	3
2214	1	1
2216	2	2
2217	2	2
2218	4	4
2219	1	1
2220	2	2
2223	5	5
2225	3	3
2226	4	4
2227	2	2
2228	5	5
2229	1	1
2231	1	1
2232	4	4
2233	1	1
2234	4	4
2235	1	1
2236	3	3
2237	2	2
2239	2	2
2240	2	2
2241	1	1
2242	1	1
2243	1	1
2244	1	1
2245	2	2
2246	2	2
2247	1	1
2249	4	4
2251	1	1
2252	3	3
2253	1	1
2254	2	2
2255	1	1
2256	3	3
2258	1	1
2259	4	4
2260	1	1
2261	1	1
2262	1	1
2263	1	1
2264	2	2
2265	3	3
2266	1	1
2268	1	1
2269	6	6
2270	3	3
2272	1	1
2274	5	5
2275	2	2
2279	2	2
2280	2	2
2281	4	4
2282	1	1
2283	3	3
2284	2	2
2287	2	2
2289	2	2
2290	4	4
2291	4	4
2292	2	2
2293	2	2
2294	1	1
2295	3	3
2296	4	4
2298	3	3
2299	3	3
2300	1	1
2301	1	1
2302	1	1
2303	3	3
2304	3	3
2305	1	1
2306	1	1
2307	3	3
2309	3	3
2311	2	2
2312	4	4
2313	3	3
2314	1	1
2315	3	3
2316	2	2
2317	2	2
2318	3	3
2319	1	1
2320	2	2
2321	1	1
2322	1	1
2323	4	4
2324	1	1
2325	1	1
2326	3	3
2327	3	3
2328	1	1
2329	1	1
2330	2	2
2331	1	1
2332	1	1
2333	3	3
2335	3	3
2338	2	2
2339	4	4
2341	6	6
2343	4	4
2344	3	3
2345	2	2
2346	1	1
2347	3	3
2349	1	1
2350	3	3
2351	3	3
2353	4	4
2354	1	1
2356	3	3
2357	2	2
2359	1	1
2360	3	3
2361	2	2
2362	1	1
2363	7	7
2365	2	2
2366	2	2
2367	1	1
2368	2	2
2369	3	3
2371	2	2
2373	1	1
2374	3	3
2377	2	2
2378	3	3
2379	1	1
2382	1	1
2383	2	2
2384	3	3
2385	1	1
2386	2	2
2387	1	1
2389	3	3
2390	8	8
2391	4	4
2392	1	1
2393	3	3
2394	3	3
2396	7	7
2397	3	3
2398	3	3
2400	4	4
2401	3	3
2402	4	4
2403	3	3
2404	3	3
2405	2	2
2406	2	2
2407	4	4
2408	2	2
2409	2	2
2410	3	3
2411	2	2
2412	2	2
2413	3	3
2414	5	5
2415	1	1
2416	1	1
2417	1	1
2418	3	3
2419	2	2
2420	3	3
2421	3	3
2422	4	4
2423	1	1
2424	4	4
2427	2	2
2428	4	4
2429	2	2
2430	7	7
2431	1	1
2432	5	5
2433	2	2
2434	2	2
2435	2	2
2436	3	3
2437	1	1
2439	2	2
2440	3	3
2441	2	2
2442	2	2
2443	2	2
2444	3	3
2445	3	3
2447	3	3
2448	1	1
2449	2	2
2450	3	3
2451	2	2
2452	2	2
2453	3	3
2454	5	5
2455	1	1
2456	5	5
2457	1	1
2461	3	3
2462	2	2
2463	3	3
2464	2	2
2465	2	2
2466	2	2
2468	1	1
2469	3	3
2470	2	2
2471	2	2
2472	4	4
2473	1	1
2475	4	4
2476	4	4
2477	6	6
2478	1	1
2479	2	2
2480	1	1
2481	4	4
2482	6	6
2483	3	3
2484	2	2
2486	2	2
2488	1	1
2490	2	2
2491	2	2
2493	1	1
2494	2	2
2495	2	2
2496	1	1
2498	1	1
2499	5	5
2500	3	3
2501	1	1
2502	3	3
2504	3	3
2505	3	3
2506	2	2
2507	4	4
2509	3	3
2511	2	2
2512	2	2
2513	1	1
2514	1	1
2516	5	5
2517	4	4
2519	1	1
2520	4	4
2521	2	2
2522	5	5
2523	3	3
2524	1	1
2527	1	1
2528	3	3
2529	1	1
2530	2	2
2531	5	5
2532	1	1
2533	2	2
2534	1	1
2535	3	3
2536	5	5
2537	2	2
2538	2	2
2539	3	3
2540	1	1
2541	2	2
2544	1	1
2545	1	1
2546	2	2
2547	1	1
2548	1	1
2549	1	1
2550	2	2
2551	3	3
2552	1	1
2553	3	3
2554	2	2
2555	3	3
2556	4	4
2557	2	2
2558	2	2
2559	3	3
2560	4	4
2561	1	1
2563	4	4
2564	2	2
2565	2	2
2566	2	2
2570	4	4
2571	6	6
2572	1	1
2573	2	2
2574	3	3
2575	3	3
2576	1	1
2577	1	1
2578	1	1
2579	1	1
2580	5	5
2581	2	2
2582	1	1
2586	2	2
2588	1	1
2589	2	2
2590	3	3
2591	3	3
2593	3	3
2594	2	2
2595	3	3
2596	2	2
2597	1	1
2598	2	2
2599	2	2
2600	1	1
2601	1	1
2602	3	3
2603	3	3
2604	3	3
2605	4	4
2606	1	1
2607	4	4
2608	2	2
2609	1	1
2610	2	2
2611	3	3
2612	1	1
2613	3	3
2614	2	2
2615	3	3
2616	1	1
2618	1	1
2619	1	1
2620	2	2
2621	3	3
2623	3	3
2624	3	3
2625	1	1
2626	1	1
2627	2	2
2628	5	5
2629	3	3
2630	1	1
2631	1	1
2632	1	1
2633	1	1
2634	1	1
2636	4	4
2637	5	5
2638	1	1
2639	2	2
2640	1	1
2641	3	3
2642	5	5
2643	3	3
2644	1	1
2645	4	4
2647	2	2
2648	3	3
2649	3	3
2650	5	5
2651	3	3
2652	5	5
2654	1	1
2655	2	2
2656	3	3
2657	4	4
2658	2	2
2659	3	3
2660	3	3
2661	1	1
2662	5	5
2663	3	3
2664	1	1
2665	1	1
2666	4	4
2667	1	1
2668	3	3
2669	1	1
2671	1	1
2672	3	3
2673	2	2
2674	1	1
2675	4	4
2676	2	2
2678	3	3
2679	3	3
2680	4	4
2681	1	1
2682	4	4
2684	2	2
2687	5	5
2689	5	5
2690	1	1
2691	4	4
2692	2	2
2693	2	2
2694	2	2
2695	1	1
2696	3	3
2697	1	1
2698	3	3
2699	3	3
2701	2	2
2702	3	3
2703	3	3
2705	1	1
2706	1	1
2707	3	3
2708	3	3
2709	1	1
2710	3	3
2711	2	2
2712	3	3
2713	2	2
2716	2	2
2717	3	3
2718	1	1
2719	1	1
2720	4	4
2721	2	2
2722	3	3
2723	2	2
2724	1	1
2725	2	2
2727	2	2
2728	1	1
2729	4	4
2730	2	2
2731	4	4
2732	4	4
2733	3	3
2734	4	4
2735	1	1
2736	1	1
2738	2	2
2739	3	3
2740	6	6
2741	1	1
2742	1	1
2743	1	1
2744	3	3
2745	4	4
2748	2	2
2749	3	3
2750	4	4
2751	1	1
2752	2	2
2754	3	3
2755	1	1
2756	3	3
2757	2	2
2758	2	2
2759	1	1
2760	3	3
2761	2	2
2762	1	1
2764	1	1
2765	5	5
2766	2	2
2767	2	2
2768	3	3
2769	4	4
2770	5	5
2771	2	2
2772	3	3
2774	3	3
2775	5	5
2776	1	1
2777	3	3
2778	2	2
2779	3	3
2780	1	1
2781	6	6
2782	3	3
2785	2	2
2786	1	1
2787	1	1
2788	3	3
2789	2	2
2790	1	1
2791	4	4
2793	3	3
2794	2	2
2795	5	5
2796	1	1
2797	2	2
2798	1	1
2799	5	5
2800	1	1
2801	5	5
2802	6	6
2805	1	1
2806	1	1
2807	2	2
2808	1	1
2809	1	1
2810	1	1
2811	2	2
2812	3	3
2813	1	1
2814	2	2
2815	2	2
2816	2	2
2818	2	2
2819	1	1
2820	1	1
2823	2	2
2824	6	6
2825	4	4
2827	1	1
2828	1	1
2829	3	3
2830	2	2
2831	2	2
2832	1	1
2833	1	1
2834	1	1
2835	6	6
2836	2	2
2837	1	1
2838	4	4
2839	4	4
2840	2	2
2843	2	2
2844	3	3
2845	2	2
2846	1	1
2848	1	1
2849	1	1
2850	3	3
2852	6	6
2853	1	1
2854	1	1
2857	2	2
2858	1	1
2860	4	4
2861	2	2
2862	1	1
2863	2	2
2864	2	2
2865	1	1
2866	2	2
2867	2	2
2868	2	2
2869	5	5
2870	2	2
2871	1	1
2872	2	2
2873	3	3
2874	2	2
2875	4	4
2876	3	3
2877	2	2
2878	2	2
2879	1	1
2880	1	1
2881	3	3
2883	2	2
2884	4	4
2885	2	2
2886	3	3
2887	3	3
2888	2	2
2889	5	5
2890	2	2
2891	4	4
2892	1	1
2894	3	3
2896	1	1
2898	2	2
2899	4	4
2900	1	1
2901	1	1
2902	2	2
2903	3	3
2904	1	1
2906	2	2
2907	5	5
2908	4	4
2910	4	4
2911	3	3
2912	3	3
2913	2	2
2914	1	1
2915	1	1
2916	2	2
2918	2	2
2919	4	4
2920	3	3
2923	3	3
2924	2	2
2925	2	2
2926	1	1
2927	3	3
2928	4	4
2929	7	7
2930	1	1
2931	1	1
2932	2	2
2933	4	4
2935	2	2
2936	6	6
2937	2	2
2940	3	3
2941	2	2
2943	4	4
2944	2	2
2945	3	3
2946	5	5
2947	2	2
2948	2	2
2949	2	2
2951	1	1
2952	1	1
2953	2	2
2954	4	4
2955	2	2
2956	2	2
2957	1	1
2958	4	4
2959	3	3
2960	4	4
2961	2	2
2962	3	3
2963	2	2
2964	2	2
2966	1	1
2967	2	2
2968	3	3
2973	2	2
2974	1	1
2975	2	2
2977	2	2
2979	1	1
2980	3	3
2981	2	2
2984	2	2
2986	4	4
2987	2	2
2988	2	2
2990	1	1
2992	4	4
2993	3	3
2994	4	4
2995	4	4
2996	5	5
2997	6	6
2998	1	1
2999	2	2
3000	3	3
3001	2	2
3002	4	4
3003	3	3
3004	1	1
3007	3	3
3008	1	1
3009	5	5
3010	3	3
3015	1	1
3016	3	3
3018	3	3
3019	1	1
3020	2	2
3021	3	3
3022	1	1
3024	5	5
3025	3	3
3027	3	3
3028	2	2
3029	2	2
3030	1	1
3031	1	1
3033	4	4
3034	3	3
3035	2	2
3037	1	1
3038	2	2
3040	5	5
3041	1	1
3042	3	3
3044	4	4
3045	2	2
3046	2	2
3047	2	2
3048	4	4
3049	3	3
3052	6	6
3053	2	2
3055	2	2
3056	2	2
3057	6	6
3058	2	2
3059	2	2
3060	3	3
3061	2	2
3062	2	2
3064	3	3
3065	1	1
3066	4	4
3067	5	5
3069	4	4
3071	3	3
3073	3	3
3074	1	1
3076	1	1
3077	4	4
3078	3	3
3079	2	2
3080	3	3
3081	4	4
3082	1	1
3083	3	3
3084	3	3
3085	2	2
3087	3	3
3088	2	2
3089	3	3
3091	3	3
3092	2	2
3093	2	2
3094	2	2
3095	2	2
3096	1	1
3097	4	4
3098	2	2
3099	3	3
3100	1	1
3101	3	3
3104	5	5
3105	3	3
3106	2	2
3107	3	3
3108	2	2
3110	1	1
3111	1	1
3113	4	4
3114	3	3
3116	2	2
3117	2	2
3118	3	3
3119	4	4
3120	1	1
3121	3	3
3122	1	1
3123	2	2
3125	1	1
3127	3	3
3128	2	2
3129	1	1
3130	2	2
3131	1	1
3132	1	1
3133	2	2
3136	4	4
3137	3	3
3138	2	2
3139	4	4
3140	2	2
3142	2	2
3143	1	1
3144	5	5
3145	1	1
3147	6	6
3148	3	3
3149	3	3
3150	3	3
3152	4	4
3153	4	4
3154	1	1
3156	3	3
3157	3	3
3158	1	1
3159	4	4
3160	2	2
3161	3	3
3162	5	5
3163	1	1
3164	3	3
3165	1	1
3168	4	4
3169	1	1
3170	4	4
3171	3	3
3172	2	2
3174	3	3
3175	2	2
3177	2	2
3178	4	4
3179	1	1
3180	6	6
3181	2	2
3182	4	4
3183	5	5
3184	3	3
3185	3	3
3186	3	3
3187	3	3
3188	2	2
3189	1	1
3190	2	2
3191	2	2
3192	3	3
3193	4	4
3196	2	2
3197	3	3
3198	1	1
3199	2	2
3200	1	1
3201	3	3
3202	2	2
3203	3	3
3204	5	5
3205	1	1
3206	1	1
3207	2	2
3208	2	2
3209	1	1
3210	3	3
3211	1	1
3212	1	1
3213	2	2
3214	1	1
3215	3	3
3217	1	1
3218	3	3
3219	1	1
3220	1	1
3221	1	1
3222	1	1
3223	2	2
3225	1	1
3226	2	2
3227	1	1
3228	3	3
3230	2	2
3231	2	2
3232	3	3
3235	3	3
3236	2	2
3237	2	2
3238	2	2
3239	2	2
3240	2	2
3241	3	3
3242	1	1
3243	3	3
3244	3	3
3245	2	2
3246	1	1
3248	2	2
3249	3	3
3250	2	2
3251	3	3
3252	2	2
3253	4	4
3254	1	1
3255	5	5
3257	6	6
3258	1	1
3259	7	7
3260	1	1
3261	2	2
3263	1	1
3264	2	2
3265	2	2
3266	2	2
3267	1	1
3268	1	1
3270	3	3
3271	1	1
3272	3	3
3273	1	1
3274	3	3
3275	2	2
3276	2	2
3278	3	3
3279	3	3
3280	2	2
3281	3	3
3282	2	2
3283	3	3
3284	2	2
3286	2	2
3287	1	1
3289	3	3
3290	2	2
3291	2	2
3292	1	1
3293	3	3
3294	2	2
3295	4	4
3296	1	1
3298	3	3
3299	3	3
3300	2	2
3301	1	1
3304	2	2
3305	1	1
3306	1	1
3307	1	1
3308	1	1
3309	3	3
3310	2	2
3311	3	3
3312	1	1
3313	2	2
3314	1	1
3315	3	3
3316	2	2
3317	1	1
3318	1	1
3319	2	2
3320	2	2
3322	1	1
3323	1	1
3324	3	3
3325	5	5
3327	2	2
3328	4	4
3329	3	3
3330	5	5
3332	3	3
3333	2	2
3334	2	2
3336	1	1
3337	4	4
3338	2	2
3341	3	3
3342	1	1
3343	2	2
3345	1	1
3346	3	3
3347	1	1
3348	2	2
3349	3	3
3350	1	1
3351	1	1
3352	3	3
3353	3	3
3354	1	1
3357	1	1
3358	3	3
3359	1	1
3360	1	1
3361	3	3
3362	2	2
3363	3	3
3364	2	2
3365	4	4
3366	4	4
3367	1	1
3368	1	1
3369	2	2
3372	3	3
3373	2	2
3376	1	1
3377	1	1
3378	2	2
3379	2	2
3380	1	1
3381	4	4
3382	1	1
3383	1	1
3384	3	3
3386	3	3
3387	1	1
3388	1	1
3389	5	5
3390	2	2
3392	2	2
3393	2	2
3394	4	4
3395	3	3
3396	1	1
3398	1	1
3399	2	2
3400	2	2
3401	4	4
3402	3	3
3403	2	2
3404	3	3
3405	5	5
3406	1	1
3407	7	7
3408	3	3
3409	2	2
3410	2	2
3411	2	2
3413	1	1
3414	1	1
3415	4	4
3416	1	1
3417	3	3
3418	3	3
3419	1	1
3420	3	3
3421	1	1
3422	2	2
3423	1	1
3424	2	2
3425	2	2
3426	5	5
3427	2	2
3428	4	4
3429	1	1
3430	2	2
3431	3	3
3433	1	1
3434	2	2
3435	1	1
3436	2	2
3437	1	1
3439	3	3
3440	1	1
3441	2	2
3444	2	2
3447	3	3
3448	3	3
3449	2	2
3451	1	1
3452	1	1
3453	2	2
3454	3	3
3455	2	2
3457	2	2
3458	2	2
3459	1	1
3460	1	1
3461	1	1
3462	1	1
3463	2	2
3464	4	4
3465	3	3
3466	6	6
3467	2	2
3468	1	1
3469	3	3
3470	3	3
3471	3	3
3472	1	1
3473	2	2
3474	2	2
3475	1	1
3476	2	2
3477	2	2
3478	2	2
3480	4	4
3481	2	2
3482	2	2
3483	3	3
3484	1	1
3487	1	1
3488	4	4
3489	2	2
3490	1	1
3491	3	3
3492	3	3
3493	1	1
3494	2	2
3495	3	3
3496	2	2
3498	2	2
3500	1	1
3502	5	5
3503	2	2
3504	3	3
3505	3	3
3506	3	3
3507	1	1
3508	2	2
3509	1	1
3510	2	2
3511	1	1
3512	2	2
3513	2	2
3514	1	1
3515	1	1
3516	1	1
3517	1	1
3518	1	1
3519	2	2
3522	1	1
3523	3	3
3524	2	2
3525	3	3
3526	1	1
3527	3	3
3528	4	4
3529	1	1
3530	2	2
3531	2	2
3533	2	2
3534	2	2
3535	1	1
3536	2	2
3537	1	1
3538	1	1
3539	4	4
3540	3	3
3542	4	4
3543	3	3
3544	2	2
3545	4	4
3546	5	5
3547	3	3
3548	1	1
3549	1	1
3550	4	4
3551	2	2
3552	3	3
3553	2	2
3554	1	1
3555	3	3
3556	1	1
3557	2	2
3559	1	1
3560	1	1
3561	1	1
3562	7	7
3563	2	2
3564	5	5
3565	3	3
3566	3	3
3567	3	3
3568	4	4
3569	4	4
3570	3	3
3571	2	2
3572	1	1
3573	2	2
3574	4	4
3576	2	2
3577	2	2
3578	2	2
3579	1	1
3580	1	1
3581	6	6
3582	2	2
3584	3	3
3585	2	2
3586	2	2
3587	1	1
3589	1	1
3590	2	2
3591	1	1
3592	1	1
3593	1	1
3594	1	1
3595	1	1
3597	1	1
3598	3	3
3599	2	2
3600	2	2
3601	3	3
3604	4	4
3605	2	2
3608	1	1
3609	2	2
3610	4	4
3611	2	2
3613	3	3
3614	2	2
3615	4	4
3616	2	2
3617	2	2
3618	3	3
3619	1	1
3620	2	2
3621	3	3
3622	3	3
3623	3	3
3625	1	1
3627	2	2
3628	1	1
3629	2	2
3630	3	3
3631	2	2
3632	4	4
3633	1	1
3635	5	5
3636	1	1
3637	4	4
3638	5	5
3639	1	1
3640	1	1
3641	2	2
3642	3	3
3644	2	2
3645	1	1
3646	5	5
3647	1	1
3648	2	2
3650	2	2
3651	3	3
3652	4	4
3653	3	3
3656	4	4
3657	1	1
3658	2	2
3659	2	2
3660	1	1
3661	1	1
3662	2	2
3663	1	1
3665	1	1
3666	5	5
3667	3	3
3668	3	3
3669	3	3
3670	1	1
3671	2	2
3673	1	1
3674	4	4
3675	2	2
3676	3	3
3677	5	5
3679	2	2
3680	2	2
3681	1	1
3682	2	2
3684	2	2
3685	1	1
3687	3	3
3688	2	2
3689	3	3
3690	4	4
3691	3	3
3692	3	3
3693	4	4
3694	3	3
3695	2	2
3696	1	1
3697	2	2
3698	1	1
3699	2	2
3700	1	1
3701	3	3
3702	2	2
3703	2	2
3704	1	1
3705	1	1
3706	1	1
3707	2	2
3709	1	1
3712	1	1
3713	1	1
3715	1	1
3716	3	3
3717	2	2
3718	1	1
3719	3	3
3720	2	2
3721	1	1
3722	3	3
3723	3	3
3724	3	3
3725	3	3
3727	1	1
3728	1	1
3729	2	2
3730	2	2
3731	1	1
3732	4	4
3733	1	1
3734	4	4
3735	2	2
3736	4	4
3737	5	5
3738	4	4
3739	3	3
3740	1	1
3741	1	1
3742	1	1
3743	2	2
3744	3	3
3745	1	1
3746	1	1
3747	1	1
3748	2	2
3749	2	2
3751	2	2
3752	2	2
3755	3	3
3757	3	3
3758	1	1
3759	1	1
3760	1	1
3762	4	4
3763	4	4
3764	1	1
3765	3	3
3766	1	1
3767	3	3
3768	2	2
3769	2	2
3770	2	2
3772	3	3
3773	1	1
3774	3	3
3775	2	2
3776	5	5
3777	1	1
3779	4	4
3780	2	2
3781	3	3
3783	2	2
3784	2	2
3785	1	1
3786	3	3
3787	2	2
3788	1	1
3789	1	1
3790	4	4
3791	1	1
3792	5	5
3793	3	3
3794	8	8
3795	3	3
3796	2	2
3797	2	2
3798	2	2
3801	4	4
3802	2	2
3803	3	3
3804	3	3
3805	3	3
3806	3	3
3808	1	1
3809	2	2
3810	5	5
3811	3	3
3813	5	5
3814	1	1
3815	1	1
3817	5	5
3818	1	1
3819	4	4
3820	1	1
3821	1	1
3822	3	3
3823	2	2
3824	2	2
3825	1	1
3826	2	2
3827	3	3
3828	1	1
3829	1	1
3830	1	1
3831	1	1
3832	1	1
3834	1	1
3835	4	4
3836	1	1
3837	3	3
3838	4	4
3840	1	1
3842	2	2
3843	1	1
3844	3	3
3846	3	3
3847	4	4
3849	4	4
3850	2	2
3851	2	2
3852	1	1
3853	5	5
3854	3	3
3855	3	3
3856	1	1
3857	1	1
3858	3	3
3859	1	1
3861	1	1
3862	3	3
3863	3	3
3864	1	1
3867	3	3
3869	4	4
3870	1	1
3871	1	1
3872	1	1
3873	1	1
3875	2	2
3876	4	4
3878	1	1
3879	3	3
3880	3	3
3882	2	2
3883	3	3
3884	5	5
3885	2	2
3886	4	4
3887	4	4
3888	3	3
3889	2	2
3890	2	2
3892	4	4
3893	1	1
3896	2	2
3897	2	2
3898	2	2
3899	1	1
3900	2	2
3901	3	3
3902	1	1
3904	1	1
3905	2	2
3906	4	4
3907	2	2
3909	2	2
3910	2	2
3911	5	5
3912	1	1
3913	1	1
3914	2	2
3915	1	1
3916	4	4
3917	1	1
3918	3	3
3919	3	3
3920	1	1
3921	3	3
3922	4	4
3923	1	1
3924	1	1
3925	2	2
3926	3	3
3927	2	2
3928	1	1
3929	3	3
3931	2	2
3932	2	2
3933	2	2
3935	1	1
3938	2	2
3939	2	2
3940	1	1
3941	2	2
3942	4	4
3943	2	2
3944	1	1
3945	2	2
3946	1	1
3947	2	2
3948	5	5
3949	2	2
3950	3	3
3951	4	4
3952	3	3
3953	1	1
3954	2	2
3955	4	4
3957	2	2
3958	1	1
3959	1	1
3960	5	5
3961	3	3
3962	5	5
3964	2	2
3965	1	1
3966	1	1
3967	3	3
3968	1	1
3969	1	1
3970	2	2
3971	2	2
3972	1	1
3974	2	2
3976	1	1
3977	1	1
3978	3	3
3979	3	3
3980	2	2
3981	4	4
3982	4	4
3983	1	1
3984	3	3
3985	1	1
3986	3	3
3988	2	2
3989	5	5
3990	1	1
3991	1	1
3994	4	4
3995	1	1
3996	2	2
3997	3	3
3998	1	1
3999	5	5